1 0
2 5
3 119
4 1633
5 17978
6 177967
7 1588952
8 13104873
9 100815177
10 729085377
11 4991174686
12 32532547435
13 202848358597
14 1214743094483
15 7010447253570
16 39103856725865
17 211353904429026
18 1.10939245447899e+15
19 5.66629452349684e+15
20 2.8210496408243e+16
21 1.371187664831e+17
22 6.51576200401251e+17
23 3.03084388615393e+18
24 1.38161896606029e+19
25 6.17861026036094e+19
26 2.71320879921172e+20
27 1.17096258457513e+21
28 4.97069492931715e+21
29 2.07694610137252e+22
30 8.54796794097298e+22
31 3.46739984603211e+23
32 1.38708387077152e+24
33 5.47515098122212e+24
34 2.1335607949957e+25
35 8.21175661021447e+25
36 3.12307732597176e+26
37 1.17415816136499e+27
38 4.36554363249459e+27
39 1.60575254793064e+28
40 5.84519463134171e+28
41 2.10640793005163e+29
42 7.51699789392497e+29
43 2.65725311972725e+30
44 9.30742240837077e+30
45 3.23109112978054e+31
46 1.11199241503396e+32
47 3.79482277224377e+32
48 1.28445081680587e+33
49 4.31294963022816e+33
50 1.4369858952355e+34
51 4.75158027239833e+34
52 1.5596010488562e+35
53 5.08226988798671e+35
54 1.64454671973719e+36
55 5.28507770260427e+36
56 1.68710700294357e+37
57 5.350404291278e+37
58 1.68596008482035e+38
59 5.27941989188768e+38
60 1.64309436870064e+39
61 5.08315242056858e+39
62 1.56333809009076e+40
63 4.78051484666868e+40
64 1.45361487075482e+41
65 4.39568039945006e+41
66 1.32206362671639e+42
67 3.95524974014944e+42
68 1.17715873912047e+43
69 3.48560770602756e+43
70 1.02694154570089e+44
71 3.0107640984822e+44
72 8.78436334551065e+44
73 2.55084436104999e+45
74 7.37282835076028e+45
75 2.12127047402907e+46
76 6.07580653781407e+46
77 1.73257073999936e+47
78 4.91914210919847e+47
79 1.39069017306454e+48
80 3.91511385603448e+48
81 1.09764248726226e+49
82 3.06484563684768e+49
83 8.52344912188285e+49
84 2.36106712736623e+50
85 6.51499190444763e+50
86 1.7908437458654e+51
87 4.90416171378735e+51
88 1.33801042129733e+52
89 3.63718639119034e+52
90 9.85158441449921e+52
91 2.65890979751294e+53
92 7.15121918958818e+53
93 1.9167124498852e+54
94 5.11982512184269e+54
95 1.36299723029438e+55
96 3.61656610614017e+55
97 9.56486541205171e+55
98 2.52151360891326e+56
99 6.62616585353846e+56
100 1.7358009788436e+57
101 4.53306443813614e+57
102 1.18019967198296e+58
103 3.06342766072405e+58
104 7.92802201478031e+58
105 2.04570645849706e+59
106 5.26330887590676e+59
107 1.35028968804584e+60
108 3.45432144127208e+60
109 8.81213373552479e+60
110 2.2417979336707e+61
111 5.68752242367161e+61
112 1.43904699782275e+62
113 3.63132963820355e+62
114 9.13920834311051e+62
115 2.29412346598698e+63
116 5.74385067307556e+63
117 1.4344328550586e+64
118 3.57322510665972e+64
119 8.87882916689874e+64
120 2.20078725328295e+65
121 5.44175650497005e+65
122 1.3423020443531e+66
123 3.3031075141402e+66
124 8.1090033523964e+66
125 1.98607369235385e+67
126 4.85307436112509e+67
127 1.18315773765739e+68
128 2.87794629750715e+68
129 6.98468934820882e+68
130 1.69139769906952e+69
131 4.08684617912401e+69
132 9.85335842743599e+69
133 2.37051688811681e+70
134 5.69080625452925e+70
135 1.36328153889002e+71
136 3.25902126527821e+71
137 7.77476824951277e+71
138 1.85095096105487e+72
139 4.39762322220953e+72
140 1.04271367468199e+73
141 2.46742656056522e+73
142 5.82724865751431e+73
143 1.37350713340612e+74
144 3.23112768166037e+74
145 7.58648855477742e+74
146 1.77786390857674e+75
147 4.15848036502909e+75
148 9.70859827815359e+75
149 2.262410085833e+76
150 5.26242745638301e+76
151 1.22182183071374e+77
152 2.83167538562381e+77
153 6.55087987883888e+77
154 1.51280533912535e+78
155 3.48738794137568e+78
156 8.02523457963617e+78
157 1.84357936060468e+79
158 4.22784288219562e+79
159 9.67909881507692e+79
160 2.21215820531488e+80
161 5.04741044872605e+80
162 1.1497360849033e+81
163 2.61463239496627e+81
164 5.93624481350818e+81
165 1.34557320906701e+82
166 3.04510882048795e+82
167 6.88024300146928e+82
168 1.55208553920998e+83
169 3.4957777203606e+83
170 7.86128504400404e+83
171 1.76510309211525e+84
172 3.95711396763649e+84
173 8.85776339197476e+84
174 1.97975588317765e+85
175 4.41820852301718e+85
176 9.84538402555606e+85
177 2.19066423620356e+86
178 4.86721398264764e+86
179 1.07981964260232e+87
180 2.39217421498171e+87
181 5.29187725687711e+87
182 1.16897874667762e+88
183 2.57862284650439e+88
184 5.6801238010944e+88
185 1.24945578619852e+89
186 2.74461477480832e+89
187 6.02065246326922e+89
188 1.31889909426136e+90
189 2.88529067248163e+90
190 6.3034985091149e+90
191 1.37528231723102e+91
192 2.99656827974863e+91
193 6.52052487083117e+91
194 1.41700339242103e+92
195 3.07533925682665e+92
196 6.66580781184299e+92
197 1.44295875976982e+93
198 3.11960884197908e+93
199 6.73589227520215e+93
200 1.4525882340208e+94
201 3.1285701669821e+94
202 6.72990315886104e+94
203 1.44588840906203e+95
204 3.10261046066543e+95
205 6.64951045415315e+95
206 1.42339497918481e+96
207 3.04325171232587e+96
208 6.49875740915675e+96
209 1.38613669444144e+97
210 2.95303315582664e+97
211 6.28377058770574e+97
212 1.33556560861847e+98
213 2.83534675716909e+98
214 6.01237808566593e+98
215 1.27346967725281e+99
216 2.69423946612723e+99
217 5.69366675121089e+99
218 1.20187453869875e+100
219 2.53419720417415e+100
220 5.3375108841789e+100
221 1.12294145452607e+101
222 2.35992543602561e+101
223 4.95410372529859e+101
224 1.03886795209548e+102
225 2.17613987065764e+102
226 4.55351951214918e+102
227 9.51796808111293e+102
228 1.98737861603715e+103
229 4.14532857778752e+103
230 8.63737775782456e+103
231 1.79784428241328e+104
232 3.73828159329549e+104
233 7.7650504157927e+104
234 1.61128141918783e+105
235 3.34007230486045e+105
236 6.91671947421071e+105
237 1.43089158601169e+106
238 2.95718161853675e+106
239 6.1054315828623e+106
240 1.25928555617587e+107
241 2.59480014850372e+107
242 5.34143292421601e+107
243 1.09846981845652e+108
244 2.25682172130996e+108
245 4.63220126152478e+108
246 9.49862796383619e+108
247 1.94589701134388e+109
248 3.98259867835e+109
249 8.1433508271452e+109
250 1.66353451217456e+110
251 3.39511664669172e+110
252 6.92267469674854e+110
253 1.41023533801775e+111
254 2.87018435679562e+111
255 5.83620571219373e+111
256 1.18564871892066e+112
257 2.40651270261277e+112
258 4.88010278600331e+112
259 9.8873626386785e+112
260 2.00144940432765e+113
261 4.04784045285617e+113
262 8.179348558871e+113
263 1.65132489674337e+114
264 3.33093940621431e+114
265 6.71310156241367e+114
266 1.35177328349898e+115
267 2.7196343248343e+115
268 5.46694902949096e+115
269 1.0980173888925e+116
270 2.20345864346162e+116
271 4.41808306794533e+116
272 8.85111366723004e+116
273 1.77173510828869e+117
274 3.54354739766972e+117
275 7.08138192594319e+117
276 1.41396880348663e+118
277 2.82101490527835e+118
278 5.62362521449357e+118
279 1.12014558530978e+119
280 2.22936588539887e+119
281 4.433417776787e+119
282 8.80943448436854e+119
283 1.74908570199194e+120
284 3.46999977931446e+120
285 6.87867356049011e+120
286 1.36250602513012e+121
287 2.69669738276333e+121
288 5.33319674116277e+121
289 1.05391637400938e+122
290 2.08108293541582e+122
291 4.10618805459618e+122
292 8.09572976511452e+122
293 1.59493279862923e+123
294 3.13978188407961e+123
295 6.17630519470336e+123
296 1.21403625894341e+124
297 2.38456771632947e+124
298 4.68019765317303e+124
299 9.17902790915832e+124
300 1.79890639342197e+125
301 3.52290738735687e+125
302 6.89407604318683e+125
303 1.3481384033496e+126
304 2.63437643968699e+126
305 5.14407739419196e+126
306 1.00374828361425e+127
307 1.95718168197561e+127
308 3.81353562719731e+127
309 7.42533644546697e+127
310 1.44476576374918e+128
311 2.80913769736214e+128
312 5.45813394571787e+128
313 1.05977143904367e+129
314 2.05626161524462e+129
315 3.98697881216436e+129
316 7.72520735743955e+129
317 1.49581632695134e+130
318 2.89433994049411e+130
319 5.59661175413008e+130
320 1.08144993163586e+131
321 2.08830756291501e+131
322 4.02986515888337e+131
323 7.77133753363296e+131
324 1.49765375449138e+132
325 2.88428807540406e+132
326 5.55109405500425e+132
327 1.06765867863827e+133
328 2.05211329198775e+133
329 3.94172595128995e+133
330 7.56639223268825e+133
331 1.45147558324202e+134
332 2.78259626789167e+134
333 5.33103280562888e+134
334 1.02069105764254e+135
335 1.95299063302207e+135
336 3.73447878171794e+135
337 7.1364939193173e+135
338 1.36290613622432e+136
339 2.60120274862322e+136
340 4.96147414593972e+136
341 9.45750512117513e+136
342 1.80165988101608e+137
343 3.43004991309298e+137
344 6.52620201400689e+137
345 1.24094933971888e+138
346 2.358207824949e+138
347 4.47863423668254e+138
348 8.5005223940117e+138
349 1.61243840787179e+139
350 3.05674452366256e+139
351 5.79128083990801e+139
352 1.09655536005789e+140
353 2.07504692972856e+140
354 3.92434946891012e+140
355 7.41738422839031e+140
356 1.40112918997974e+141
357 2.64515322890944e+141
358 4.99079440431532e+141
359 9.41099730439156e+141
360 1.77357546482999e+142
361 3.34050919701962e+142
362 6.28818867985163e+142
363 1.18301230264127e+143
364 2.22435790067684e+143
365 4.17996534351081e+143
366 7.8504435911598e+143
367 1.47356773542049e+144
368 2.76440253728159e+144
369 5.18308834573689e+144
370 9.71254314110774e+144
371 1.81901046275522e+145
372 3.40483586285211e+145
373 6.36966756390054e+145
374 1.19096172823057e+146
375 2.22556427533802e+146
376 4.15666106885928e+146
377 7.75911265141986e+146
378 1.44758242160394e+147
379 2.6992255014622e+147
380 5.03037636195184e+147
381 9.36975095261508e+147
382 1.74430603072546e+148
383 3.24552671192373e+148
384 6.0355432122776e+148
385 1.12180405160607e+149
386 2.08395290118023e+149
387 3.86927711076554e+149
388 7.1803165221695e+149
389 1.33177218474231e+150
390 2.46882131241948e+150
391 4.57428804890208e+150
392 8.47095268972844e+150
393 1.56789384904998e+151
394 2.90053067464769e+151
395 5.36309418522752e+151
396 9.91131512342437e+151
397 1.83073626280573e+152
398 3.37986736983738e+152
399 6.23668254962503e+152
400 1.15023996343373e+153
401 2.12033666011263e+153
402 3.90664066974189e+153
403 7.19424297036572e+153
404 1.32419040071267e+154
405 2.43612840646532e+154
406 4.47955656915823e+154
407 8.23295387112096e+154
408 1.51238666868952e+155
409 2.77688050236814e+155
410 5.0961173556151e+155
411 9.34781721088495e+155
412 1.71383987411851e+156
413 3.14065469509482e+156
414 5.75255425466879e+156
415 1.05315552706141e+157
416 1.92715309759684e+157
417 3.52478394599206e+157
418 6.44379953075634e+157
419 1.17745800759403e+158
420 2.15051943148981e+158
421 3.92587526680807e+158
422 7.16350300831984e+158
423 1.30650435390015e+159
424 2.38173464139789e+159
425 4.33983896984029e+159
426 7.90409616224826e+159
427 1.43889730179665e+160
428 2.6182251207305e+160
429 4.76194521829177e+160
430 8.65690479839515e+160
431 1.57304930995059e+161
432 2.85709109869232e+161
433 5.18690747633843e+161
434 9.41230901913383e+161
435 1.70721302222034e+162
436 3.09516431100018e+162
437 5.60899111660259e+162
438 1.01599467805664e+163
439 1.8395192524033e+163
440 3.32907859466308e+163
441 6.02214412684508e+163
442 1.08889550425237e+164
443 1.96802132748891e+164
444 3.5553511695722e+164
445 6.42014565002957e+164
446 1.15882404351907e+165
447 2.09074427010797e+165
448 3.77047176510548e+165
449 6.79676707013995e+165
450 1.22467696514359e+166
451 2.20573701538626e+166
452 3.9709962789859e+166
453 7.14593958740738e+166
454 1.28538685350013e+167
455 2.31112566080685e+167
456 4.15364134967556e+167
457 7.46192176250557e+167
458 1.33995181552243e+168
459 2.40516565331553e+168
460 4.31537610358264e+168
461 7.739460381885e+168
462 1.38746360865327e+169
463 2.48629083251913e+169
464 4.45350741320316e+169
465 7.97393821597031e+169
466 1.42713316537552e+170
467 2.55315737209214e+170
468 4.56575526825272e+170
469 8.16150279615407e+170
470 1.45831250306392e+171
471 2.60468088607525e+171
472 4.65031530281004e+171
473 8.29917119167421e+171
474 1.48051217200526e+172
475 2.64006527886279e+172
476 4.70590611045474e+172
477 8.38490687112997e+172
478 1.49341359996476e+173
479 2.65882229825428e+173
480 4.73179968041994e+173
481 8.41766601847863e+173
482 1.49687592617976e+174
483 2.66078117703389e+174
484 4.7278340588188e+174
485 8.39741206313894e+174
486 1.49093716722027e+175
487 2.64608819501515e+175
488 4.69440813488613e+175
489 8.32509859752478e+175
490 1.47580980738064e+176
491 2.61519643482744e+176
492 4.63245922784837e+176
493 8.20262221373367e+176
494 1.45187114329248e+177
495 2.56884641676404e+177
496 4.54342486357396e+177
497 8.03274802182706e+177
498 1.41964892383613e+178
499 2.50803865949191e+178
500 4.42919074540794e+178
501 7.81901165405885e+178
502 1.37980300191537e+179
503 2.43399950723019e+179
504 4.29202741225009e+179
505 7.56560236611433e+179
506 1.33310384671317e+180
507 2.34814177805745e+180
508 4.13451841990614e+180
509 7.2772323882946e+180
510 1.28040884917708e+181
511 2.25202191571727e+181
512 3.95948306978897e+181
513 6.95899794459374e+181
514 1.22263738832728e+182
515 2.14729536759813e+182
516 3.76989674267511e+182
517 6.61623735081978e+182
518 1.16074561315913e+183
519 2.03567186858988e+183
520 3.56881178389337e+183
521 6.25439134477343e+183
522 1.09570183868207e+184
523 1.91887219288199e+184
524 3.35928164711816e+184
525 5.87887032532518e+184
526 1.02846336140593e+185
527 1.79858775565664e+185
528 3.14429065982295e+185
529 5.49493252592558e+185
530 9.59955377311219e+185
531 1.67644421870659e+186
532 2.92669135127876e+186
533 5.10757637057519e+186
534 8.91052542890441e+186
535 1.55396999426629e+187
536 2.70915081247402e+187
537 4.72144940790087e+187
538 8.2256356635908e+187
539 1.43257026598716e+188
540 2.49410706509452e+188
541 4.34077534205904e+188
542 7.55219060428082e+188
543 1.31350687040586e+189
544 2.28373593050267e+189
545 3.96929982407606e+189
546 6.89662738100293e+189
547 1.19788412018968e+190
548 2.07992843299796e+190
549 3.61025487397059e+190
550 6.26445895588731e+190
551 1.08664041334095e+191
552 1.88427836373243e+191
553 3.26634110462367e+191
554 5.66025006965099e+191
555 9.80545269145896e+191
556 1.69807928677197e+192
557 2.93972633597546e+192
558 5.08762157233646e+192
559 8.80201267815861e+192
560 1.5223299960559e+193
561 2.63205873666721e+193
562 4.54927966264926e+193
563 7.86050249479865e+193
564 1.35774723550289e+194
565 2.34449231485477e+194
566 4.04706605961039e+194
567 6.98383049779338e+194
568 1.20478437373645e+195
569 2.07772239782675e+195
570 3.58202486347844e+195
571 6.17352011806927e+195
572 1.06365467542571e+196
573 1.83202868185588e+196
574 3.15448181071856e+196
575 5.42985513668962e+196
576 9.34357825506597e+196
577 1.60732348483174e+197
578 2.76413176245294e+197
579 4.75203782304157e+197
580 8.16708430792772e+197
581 1.40320297654745e+198
582 2.41013055395773e+198
583 4.13835321254733e+198
584 7.10365334594297e+198
585 1.21899937493051e+199
586 2.09118773814088e+199
587 3.58633356360666e+199
588 6.1486072232627e+199
589 1.0538323603629e+200
590 1.80565724192848e+200
591 3.092917923667e+200
592 5.29628158328099e+200
593 9.06658254566973e+200
594 1.55162348621411e+201
595 2.65460269116477e+201
596 4.5402886567187e+201
597 7.76315817072659e+201
598 1.32698106597115e+202
599 2.26758002940433e+202
600 3.87375732331451e+202
601 6.61567815177017e+202
602 1.12950662032323e+203
603 1.927861924523e+203
604 3.28954690993217e+203
605 5.61137809576994e+203
606 9.56922021076822e+203
607 1.63138854630948e+204
608 2.78043270008129e+204
609 4.73741857595385e+204
610 8.06948456204202e+204
611 1.37412034135544e+205
612 2.33926245240027e+205
613 3.98115062282145e+205
614 6.77351371168829e+205
615 1.1521139458199e+206
616 1.95908434231441e+206
617 3.33033084681858e+206
618 5.65976549930218e+206
619 9.61582541572481e+206
620 1.6332476404393e+207
621 2.77328886783741e+207
622 4.70777867432274e+207
623 7.9894169368816e+207
624 1.35547812456476e+208
625 2.29905084822408e+208
626 3.89837428457002e+208
627 6.60842004288332e+208
628 1.11993070057828e+209
629 1.89742369073212e+209
630 3.213789287998e+209
631 5.44190107264366e+209
632 9.21222000375973e+209
633 1.55904490712688e+210
634 2.63775140667308e+210
635 4.46159623373425e+210
636 7.54445855633222e+210
637 1.27540333115072e+211
638 2.15550443119733e+211
639 3.6419371033018e+211
640 6.15174542028425e+211
641 1.03883578956727e+212
642 1.75379298943047e+212
643 2.96000793329042e+212
644 4.99448576738344e+212
645 8.42504606012269e+212
646 1.42081530209396e+213
647 2.39544963200566e+213
648 4.03757659610169e+213
649 6.80360441459268e+213
650 1.14615174191588e+214
651 1.93032396465718e+214
652 3.25015100272141e+214
653 5.47094515427744e+214
654 9.20676167016604e+214
655 1.5489499676736e+215
656 2.60527791692469e+215
657 4.38083741559699e+215
658 7.36456078138148e+215
659 1.23772291600716e+216
660 2.07963494171397e+216
661 3.49331781826616e+216
662 5.86646707157569e+216
663 9.84924510560597e+216
664 1.6531689779708e+217
665 2.77408501128334e+217
666 4.65383224088838e+217
667 7.80531335868256e+217
668 1.3087564789096e+218
669 2.1938980803894e+218
670 3.6767438376978e+218
671 6.16027129155429e+218
672 1.03187255533995e+219
673 1.72799411911558e+219
674 2.89300144142014e+219
675 4.84223036831885e+219
676 8.10275795991753e+219
677 1.35553620416419e+220
678 2.26715089332612e+220
679 3.79088834553224e+220
680 6.33713610014479e+220
681 1.0590994952031e+221
682 1.76958889252143e+221
683 2.95597061140494e+221
684 4.93651152269209e+221
685 8.24200211045801e+221
686 1.3757452391329e+222
687 2.29581164062068e+222
688 3.83025451071409e+222
689 6.38869803502218e+222
690 1.06534591465656e+223
691 1.77608066684665e+223
692 2.96025205452535e+223
693 4.93274722135602e+223
694 8.21756971635357e+223
695 1.36865031775425e+224
696 2.27895829371668e+224
697 3.79380689821815e+224
698 6.31406771887446e+224
699 1.05060295229126e+225
700 1.74768663210374e+225
701 2.90659334862172e+225
702 4.83282363629567e+225
703 8.0336660504803e+225
704 1.33512815606236e+226
705 2.21834291868092e+226
706 3.68494618544169e+226
707 6.11970592107476e+226
708 1.01607808315097e+227
709 1.68663432586147e+227
710 2.79906057731309e+227
711 4.64409786888631e+227
712 7.70350418199576e+227
713 1.27753664168237e+228
714 2.11814984476263e+228
715 3.51106165970232e+228
716 5.81860507895817e+228
717 9.64046857975453e+228
718 1.59689524834476e+229
719 2.64456303522257e+229
720 4.37855503581266e+229
721 7.24781805669366e+229
722 1.19945377828955e+230
723 1.98453927964436e+230
724 3.28273641780874e+230
725 5.42890998851747e+230
726 8.97614305006368e+230
727 1.48377335129597e+231
728 2.4521454499747e+231
729 4.05159406072196e+231
730 6.69278452662486e+231
731 1.10532287546035e+232
732 1.82504278148894e+232
733 3.01271947478785e+232
734 4.97217347024365e+232
735 8.20419468815258e+232
736 1.35340547331625e+233
737 2.2321447790442e+233
738 3.68060682705935e+233
739 6.06763301031318e+233
740 1.00005104554188e+234
741 1.64788989046203e+234
742 2.7147981340565e+234
743 4.47147079478206e+234
744 7.3632056611964e+234
745 1.21223637229386e+235
746 1.9953161072906e+235
747 3.28352475501755e+235
748 5.40223210620959e+235
749 8.88609009449187e+235
750 1.46134541447371e+236
751 2.40270202751947e+236
752 3.94958969481435e+236
753 6.49096469494007e+236
754 1.06652706098347e+237
755 1.75202397242764e+237
756 2.87749055911289e+237
757 4.72491101829679e+237
758 7.75674275835934e+237
759 1.2731258492133e+238
760 2.08915007641082e+238
761 3.4274763071339e+238
762 5.62193688140568e+238
763 9.21943514117104e+238
764 1.51157488365137e+239
765 2.47777683047983e+239
766 4.06071056695457e+239
767 6.65348790034266e+239
768 1.08994442599177e+240
769 1.78511888618047e+240
770 2.92306114634645e+240
771 4.78538385026497e+240
772 7.83256378922321e+240
773 1.28173882699019e+241
774 2.09702561802437e+241
775 3.43017821045075e+241
776 5.60968583623629e+241
777 9.17211432533897e+241
778 1.4993726942484e+242
779 2.45052483738364e+242
780 4.00422199712928e+242
781 6.54164340397151e+242
782 1.06847759413492e+243
783 1.74483337313265e+243
784 2.84873884822832e+243
785 4.65009266674322e+243
786 7.58893825118858e+243
787 1.23825766114261e+244
788 2.0200018706673e+244
789 3.29460545425642e+244
790 5.37237225471793e+244
791 8.75870651240592e+244
792 1.42766131511042e+245
793 2.32660093566583e+245
794 3.79079450193879e+245
795 6.17519064636593e+245
796 1.00573237260314e+246
797 1.63767065362654e+246
798 2.66613986086713e+246
799 4.33961956894118e+246
800 7.0620844203946e+246
801 1.14901794267162e+247
802 1.86910423052951e+247
803 3.03985717146426e+247
804 4.94294671330876e+247
805 8.03585170574007e+247
806 1.3061446516206e+248
807 2.12258044741608e+248
808 3.4486625766189e+248
809 5.60210252769785e+248
810 9.09840670476904e+248
811 1.47738513495355e+249
812 2.39848125982466e+249
813 3.89307974495146e+249
814 6.3177840243004e+249
815 1.02506379634819e+250
816 1.66284511203501e+250
817 2.69691725887329e+250
818 4.37319161080525e+250
819 7.08997309300048e+250
820 1.14922747896108e+251
821 1.86244255979486e+251
822 3.0176952570503e+251
823 4.88859001524912e+251
824 7.91785841213524e+251
825 1.28217664083157e+252
826 2.07588905221227e+252
827 3.36028953958292e+252
828 5.43833152555414e+252
829 8.79976773465261e+252
830 1.42361784822615e+253
831 2.30267399693772e+253
832 3.72381793573415e+253
833 6.02090125236556e+253
834 9.73311341223419e+253
835 1.57311114931338e+254
836 2.54205247436322e+254
837 4.10702381432178e+254
838 6.63418639045949e+254
839 1.07143538497344e+255
840 1.73006451764157e+255
841 2.79303733044549e+255
842 4.50826501324125e+255
843 7.27546104506991e+255
844 1.17389733002306e+256
845 1.89373127190971e+256
846 3.05439609264481e+256
847 4.92551057422675e+256
848 7.94138367259231e+256
849 1.28014820201541e+257
850 2.06321077773833e+257
851 3.32465316974499e+257
852 5.35634597394356e+257
853 8.62800816652578e+257
854 1.389543831253e+258
855 2.23745265629602e+258
856 3.60209766362457e+258
857 5.79798732521988e+258
858 9.33080926449022e+258
859 1.50134934074791e+259
860 2.4152646304357e+259
861 3.8847969680478e+259
862 6.24730477417711e+259
863 1.00447225507297e+260
864 1.61474594806153e+260
865 2.59532403440268e+260
866 4.17061616113502e+260
867 6.70085504829384e+260
868 1.07641988940047e+261
869 1.7288400413685e+261
870 2.77619290176907e+261
871 4.45724302019341e+261
872 7.1549228265414e+261
873 1.14832727086135e+262
874 1.84267441827268e+262
875 2.95633643207236e+262
876 4.74221830656886e+262
877 7.60557031617519e+262
878 1.21956429733745e+263
879 1.95524150443272e+263
880 3.13414452403227e+263
881 5.02297079106023e+263
882 8.04869414262971e+263
883 1.28947655073836e+264
884 2.06549830082144e+264
885 3.30795595663533e+264
886 5.29685632425611e+264
887 8.48008840036863e+264
888 1.35739545997667e+265
889 2.17238274621058e+265
890 3.47608470315162e+265
891 5.5612001077191e+265
892 8.8955124841383e+265
893 1.42264917401308e+266
894 2.27483112783153e+266
895 3.63684778131105e+266
896 5.81334119750166e+266
897 9.29076213152857e+266
898 1.48457389118712e+267
899 2.37179613040927e+267
900 3.78859397894039e+267
901 6.05067817641729e+267
902 9.66174196727197e+267
903 1.54252537044119e+268
904 2.4622650837867e+268
905 3.92973275118755e+268
906 6.27071487007061e+268
907 1.00045377536577e+269
908 1.59589033822239e+269
909 2.54527795353449e+269
910 4.05876256505465e+269
911 6.47110495678463e+269
912 1.03154865239665e+270
913 1.64409750239657e+270
914 2.61994461808702e+270
915 4.17429797042168e+270
916 6.6496943346845e+270
917 1.05912428087206e+271
918 1.68662789163334e+271
919 2.68546099025561e+271
920 4.27509470417985e+271
921 6.80456016016527e+271
922 1.0828839257078e+272
923 1.72302425522932e+272
924 2.7411235700171e+272
925 4.36007218463387e+272
926 6.93404555909464e+272
927 1.10257401047041e+273
928 1.75289928364951e+273
929 2.78634205822442e+273
930 4.42833282515121e+273
931 7.03678913220129e+273
932 1.11798861394631e+274
933 1.77594244324841e+274
934 2.820649715745e+274
935 4.47917768644955e+274
936 7.11174852467146e+274
937 1.12897300597425e+275
938 1.7919252584308e+275
939 2.84371121743149e+275
940 4.51211809250193e+275
941 7.15821750139817e+275
942 1.13542613979585e+276
943 1.8007049194215e+276
944 2.8553278228118e+276
945 4.5268829518133e+276
946 7.17583615712921e+276
947 1.1373020483314e+277
948 1.80222614214425e+277
949 2.85543976273022e+277
950 4.52342164940459e+277
951 7.16459408791933e+277
952 1.13461012319416e+278
953 1.7965212566647e+278
954 2.84412582051213e+278
955 4.50190250066982e+278
956 7.1248265495591e+278
957 1.127414286768e+279
958 1.78370855041026e+279
959 2.82160016468216e+279
960 4.462706881802e+279
961 7.05720382286771e+279
962 1.11583109816219e+280
963 1.76398894017334e+280
964 2.78820656507055e+280
965 4.40641926838642e+280
966 6.96271418814027e+280
967 1.1000268622722e+281
968 1.73764109109569e+281
969 2.74441019275421e+281
970 4.33381352009846e+281
971 6.84264107555253e+281
972 1.08021383657809e+282
973 1.70501513997985e+282
974 2.69078726448419e+282
975 4.24583584183238e+282
976 6.69853509977748e+282
977 1.05664565191643e+283
978 1.66652521318458e+283
979 2.62801284224833e+283
980 4.14358492731299e+283
981 6.5321818013915e+283
982 1.02961208065989e+284
983 1.62264095513411e+284
984 2.55684713707388e+284
985 4.02828984834825e+284
986 6.3455660019921e+284
987 9.99433298120187e+284
988 1.57387830151683e+285
989 2.47812069225987e+285
990 3.90128629021684e+285
991 6.14083373275168e+285
992 9.66453790346504e+285
993 1.52078974130551e+286
994 2.39271883462981e+286
995 3.76399175091226e+286
996 5.92025271710706e+286
997 9.3103606381961e+286
998 1.46395431385219e+287
999 2.30156578329411e+287
1000 3.61788031952834e+287

3 23.8
4 13.7226890756303
5 11.009185548071
6 9.89915452219379
7 8.92835188546191
8 8.24749457504066
9 7.69295337696138
10 7.23190097657618
11 6.8458027598049
12 6.51801419137907
13 6.23524361264026
14 5.98842949918238
15 5.77113571207719
16 5.57794036692192
17 5.40493757203307
18 5.24898017605124
19 5.10756540719213
20 4.97864985507909
21 4.86055844246095
22 4.75191118701873
23 4.65155707695813
24 4.55852897066743
25 4.47200741459083
26 4.39129300098178
27 4.31578500303897
28 4.24496477922965
29 4.17838175729253
30 4.11564264249523
31 4.05640249235356
32 4.00035742159595
33 3.94723858924028
34 3.89680723383351
35 3.84885053637809
36 3.80317814350101
37 3.75961924349614
38 3.71802008974628
39 3.6782418940412
40 3.64015902629237
41 3.60365747062921
42 3.56863349528916
43 3.53499250262498
44 3.50264803125948
45 3.47152088732387
46 3.44153838554682
47 3.41263368431149
48 3.38474520127962
49 3.35781609836448
50 3.33179382658239
51 3.30662972277791
52 3.2822786514117
53 3.25869868561194
54 3.23585082253211
55 3.21369872875904
56 3.19220851211371
57 3.17134851668738
58 3.15108913838293
59 3.13140265859273
60 3.11226309395358
61 3.09364606038321
62 3.07552864982926
63 3.05788931835668
64 3.04070778436715
65 3.02396493588946
66 3.00764274600536
67 2.99172419558437
68 2.97619320259659
69 2.9610345573545
70 2.94623386310808
71 2.93177748148008
72 2.91765248228483
73 2.90384659732185
74 2.89034817777963
75 2.87714615492212
76 2.86423000376462
77 2.85158970947534
78 2.839215736265
79 2.82709899855107
80 2.81523083420306
81 2.80360297969478
82 2.7922075470056
83 2.78103700212764
84 2.77008414504933
85 2.75934209109722
86 2.7488042535292
87 2.73846432728138
88 2.72831627377968
89 2.71835430673533
90 2.70857287884965
91 2.69896666936098
92 2.68953057237112
93 2.68025968589501
94 2.67114930158113
95 2.66219489505497
96 2.65339211684169
97 2.64473678382723
98 2.63622487122104
99 2.62785250498579
100 2.61961595470276
101 2.61151162684336
102 2.60353605842018
103 2.59568591099242
104 2.58795796500267
105 2.58034911442379
106 2.572856361696
107 2.56547681293587
108 2.55820767340024
109 2.55104624318913
110 2.54398991317305
111 2.53703616113113
112 2.53018254808702
113 2.52342671483119
114 2.5167663786182
115 2.51019933002882
116 2.50372342998742
117 2.49733660692563
118 2.49103685408387
119 2.48482222694297
120 2.47869084077856
121 2.47264086833132
122 2.46667053758681
123 2.46077812965865
124 2.45496197676968
125 2.44922046032564
126 2.44355200907643
127 2.43795509736038
128 2.4324282434271
129 2.42697000783472
130 2.42157899191789
131 2.41625383632264
132 2.41099321960485
133 2.40579585688903
134 2.4006604985844
135 2.39558592915546
136 2.39057096594421
137 2.38561445804162
138 2.38071528520591
139 2.37587235682533
140 2.37108461092328
141 2.36635101320384
142 2.3616705561358
143 2.35704225807314
144 2.35246516241062
145 2.34793833677255
146 2.3434608722334
147 2.33903188256864
148 2.33465050353452
149 2.3303158921756
150 2.32602722615844
151 2.32178370313066
152 2.31758454010407
153 2.31342897286079
154 2.30931625538139
155 2.30524565929412
156 2.30121647334436
157 2.2972280028832
158 2.29327956937472
159 2.28937050992073
160 2.28550017680267
161 2.28166793703961
162 2.27787317196185
163 2.27411527679952
164 2.27039366028538
165 2.26670774427142
166 2.26305696335866
167 2.2594407645395
168 2.25585860685231
169 2.25230996104761
170 2.2487943092655
171 2.24531114472376
172 2.2418599714164
173 2.23844030382207
174 2.235051666622
175 2.23169359442722
176 2.22836563151453
177 2.22506733157098
178 2.22179825744659
179 2.21855798091484
180 2.21534608244083
181 2.21216215095671
182 2.20900578364411
183 2.20587658572334
184 2.20277417024922
185 2.19969815791301
186 2.19664817685053
187 2.19362386245614
188 2.19062485720227
189 2.1876508104644
190 2.18470137835135
191 2.18177622354056
192 2.17887501511826
193 2.17599742842441
194 2.17314314490209
195 2.17031185195136
196 2.16750324278735
197 2.16471701630243
198 2.16195287693234
199 2.15921053452615
200 2.15648970421993
201 2.15379010631398
202 2.15111146615353
203 2.14845351401272
204 2.14581598498195
205 2.1431986188582
206 2.14060116003845
207 2.13802335741607
208 2.13546496427991
209 2.13292573821631
210 2.1304054410136
211 2.12790383856924
212 2.12542070079948
213 2.12295580155139
214 2.12050891851722
215 2.11807983315101
216 2.11566833058748
217 2.11327419956294
218 2.11089723233828
219 2.10853722462402
220 2.10619397550724
221 2.10386728738039
222 2.10155696587191
223 2.0992628197787
224 2.09698466100015
225 2.094722304474
226 2.09247556811368
227 2.09024427274731
228 2.08802824205811
229 2.08582730252645
230 2.08364128337315
231 2.08147001650428
232 2.07931333645732
233 2.07717108034855
234 2.07504308782178
235 2.07292920099831
236 2.07082926442806
237 2.06874312504191
238 2.06667063210516
239 2.06461163717207
240 2.0625659940415
241 2.06053355871361
242 2.05851418934754
243 2.05650774622008
244 2.05451409168534
245 2.05253309013529
246 2.05056460796125
247 2.0486085135163
248 2.04666467707843
249 2.04473297081468
250 2.04281326874596
251 2.04090544671277
252 2.03900938234159
253 2.03712495501213
254 2.03525204582521
255 2.03339053757142
256 2.03154031470045
257 2.02970126329112
258 2.02787327102198
259 2.02605622714271
260 2.02425002244598
261 2.02245454924002
262 2.02066970132176
263 2.01889537395054
264 2.01713146382239
265 2.01537786904483
266 2.0136344891123
267 2.01190122488195
268 2.01017797855013
269 2.0084646536292
270 2.00676115492497
271 2.00506738851451
272 2.00338326172449
273 2.00170868310988
274 2.00004356243322
275 1.99838781064421
276 1.99674133985974
277 1.99510406334436
278 1.99347589549113
279 1.99185675180285
280 1.99024654887367
281 1.9886452043711
282 1.98705263701833
283 1.98546876657693
284 1.98389351382991
285 1.98232680056512
286 1.9807685495589
287 1.97921868456017
288 1.97767713027473
289 1.97614381234996
290 1.97461865735971
291 1.97310159278959
292 1.97159254702247
293 1.9700914493243
294 1.96859822983018
295 1.96711281953073
296 1.96563515025867
297 1.96416515467568
298 1.96270276625953
299 1.96124791929145
300 1.95980054884366
301 1.95836059076727
302 1.95692798168028
303 1.95550265895589
304 1.95408456071097
305 1.95267362579479
306 1.95126979377791
307 1.94987300494131
308 1.94848320026574
309 1.94710032142117
310 1.94572431075656
311 1.94435511128973
312 1.9429926666974
313 1.9416369213055
314 1.94028782007956
315 1.93894530861534
316 1.93760933312958
317 1.93627984045093
318 1.93495677801106
319 1.93364009383592
320 1.9323297365371
321 1.93102565530345
322 1.92972779989274
323 1.92843612062353
324 1.92715056836716
325 1.92587109453987
326 1.92459765109509
327 1.92333019051584
328 1.92206866580721
329 1.9208130304891
330 1.91956323858895
331 1.91831924463467
332 1.91708100364766
333 1.91584847113596
334 1.91462160308753
335 1.91340035596358
336 1.91218468669212
337 1.9109745526615
338 1.90976991171416
339 1.90857072214039
340 1.90737694267229
341 1.90618853247775
342 1.90500545115456
343 1.90382765872465
344 1.90265511562834
345 1.90148778271877
346 1.90032562125641
347 1.89916859290355
348 1.89801665971908
349 1.89686978415314
350 1.895727929042
351 1.89459105760299
352 1.89345913342947
353 1.89233212048593
354 1.89120998310312
355 1.89009268597332
356 1.88898019414563
357 1.88787247302134
358 1.88676948834943
359 1.88567120622205
360 1.88457759307015
361 1.88348861565912
362 1.88240424108454
363 1.88132443676799
364 1.88024917045291
365 1.87917841020049
366 1.87811212438573
367 1.87705028169343
368 1.87599285111434
369 1.87493980194135
370 1.87389110376564
371 1.87284672647308
372 1.87180664024047
373 1.87077081553203
374 1.86973922309577
375 1.86871183396008
376 1.86768861943021
377 1.86666955108496
378 1.86565460077325
379 1.86464374061093
380 1.86363694297747
381 1.86263418051279
382 1.8616354261141
383 1.86064065293285
384 1.85964983437161
385 1.85866294408112
386 1.85767995595725
387 1.85670084413818
388 1.85572558300144
389 1.85475414716108
390 1.85378651146493
391 1.85282265099178
392 1.85186254104869
393 1.8509061571683
394 1.84995347510623
395 1.84900447083841
396 1.84805912055857
397 1.84711740067569
398 1.84617928781151
399 1.84524475879807
400 1.84431379067528
401 1.84338636068855
402 1.84246244628642
403 1.84154202511823
404 1.84062507503184
405 1.83971157407139
406 1.83880150047501
407 1.8378948326727
408 1.83699154928412
409 1.83609162911645
410 1.8351950511623
411 1.83430179459764
412 1.8334118387797
413 1.832525163245
414 1.83164174770736
415 1.83076157205588
416 1.82988461635302
417 1.82901086083273
418 1.82814028589849
419 1.82727287212151
420 1.82640860023882
421 1.82554745115154
422 1.82468940592301
423 1.82383444577709
424 1.82298255209635
425 1.82213370642043
426 1.82128789044427
427 1.82044508601647
428 1.81960527513764
429 1.81876843995873
430 1.81793456277949
431 1.81710362604682
432 1.81627561235322
433 1.81545050443525
434 1.814628285172
435 1.81380893758357
436 1.8129924448296
437 1.81217879020777
438 1.8113679571524
439 1.81055992923297
440 1.80975469015271
441 1.80895222374723
442 1.80815251398314
443 1.80735554495666
444 1.80656130089232
445 1.80576976614158
446 1.80498092518155
447 1.80419476261373
448 1.80341126316265
449 1.8026304116747
450 1.80185219311682
451 1.8010765925753
452 1.80030359525454
453 1.79953318647588
454 1.79876535167643
455 1.79800007640782
456 1.79723734633514
457 1.79647714723574
458 1.79571946499812
459 1.79496428562081
460 1.79421159521128
461 1.79346137998486
462 1.79271362626362
463 1.79196832047539
464 1.79122544915264
465 1.79048499893146
466 1.78974695655058
467 1.78901130885031
468 1.78827804277156
469 1.78754714535486
470 1.7868186037394
471 1.78609240516199
472 1.78536853695624
473 1.78464698655149
474 1.78392774147197
475 1.78321078933582
476 1.78249611785425
477 1.78178371483058
478 1.78107356815938
479 1.78036566582561
480 1.77965999590373
481 1.77895654655684
482 1.77825530603589
483 1.77755626267875
484 1.77685940490949
485 1.77616472123748
486 1.77547220025661
487 1.77478183064453
488 1.77409360116179
489 1.77340750065114
490 1.77272351803668
491 1.77204164232318
492 1.77136186259524
493 1.77068416801664
494 1.77000854782951
495 1.76933499135367
496 1.7686634879859
497 1.76799402719919
498 1.76732659854209
499 1.76666119163798
500 1.76599779618438
501 1.76533640195229
502 1.76467699878553
503 1.76401957660002
504 1.76336412538319
505 1.76271063519328
506 1.76205909615872
507 1.76140949847749
508 1.76076183241648
509 1.76011608831091
510 1.75947225656365
511 1.75883032764468
512 1.75819029209042
513 1.75755214050319
514 1.75691586355061
515 1.75628145196499
516 1.7556488965428
517 1.75501818814404
518 1.75438931769174
519 1.75376227617136
520 1.75313705463027
521 1.75251364417718
522 1.75189203598159
523 1.7512722212733
524 1.75065419134184
525 1.75003793753599
526 1.74942345126321
527 1.74881072398918
528 1.74819974723725
529 1.74759051258797
530 1.74698301167861
531 1.74637723620259
532 1.74577317790912
533 1.74517082860259
534 1.7445701801422
535 1.74397122444143
536 1.74337395346759
537 1.74277835924136
538 1.74218443383636
539 1.74159216937866
540 1.74100155804635
541 1.74041259206911
542 1.73982526372776
543 1.73923956535382
544 1.73865548932912
545 1.73807302808534
546 1.73749217410359
547 1.73691291991403
548 1.73633525809542
549 1.73575918127474
550 1.73518468212678
551 1.73461175337374
552 1.73404038778485
553 1.73347057817594
554 1.73290231740911
555 1.73233559839231
556 1.73177041407897
557 1.73120675746764
558 1.73064462160158
559 1.73008399956846
560 1.72952488449991
561 1.72896726957126
562 1.72841114800109
563 1.72785651305093
564 1.72730335802491
565 1.7267516762694
566 1.72620146117267
567 1.72565270616455
568 1.72510540471611
569 1.7245595503393
570 1.72401513658665
571 1.72347215705094
572 1.72293060536484
573 1.72239047520065
574 1.72185176026993
575 1.72131445432325
576 1.72077855114978
577 1.72024404457711
578 1.71971092847082
579 1.71917919673428
580 1.71864884330831
581 1.71811986217085
582 1.71759224733674
583 1.71706599285737
584 1.71654109282044
585 1.71601754134962
586 1.71549533260433
587 1.71497446077941
588 1.71445492010488
589 1.71393670484565
590 1.71341980930124
591 1.71290422780555
592 1.71238995472653
593 1.71187698446597
594 1.71136531145926
595 1.71085493017502
596 1.71034583511499
597 1.70983802081365
598 1.70933148183808
599 1.7088262127876
600 1.70832220829362
601 1.70781946301933
602 1.70731797165949
603 1.70681772894019
604 1.70631872961861
605 1.70582096848275
606 1.70532444035127
607 1.70482914007318
608 1.70433506252766
609 1.70384220262384
610 1.70335055530053
611 1.70286011552603
612 1.70237087829791
613 1.70188283864278
614 1.70139599161608
615 1.70091033230186
616 1.70042585581259
617 1.69994255728889
618 1.69946043189939
619 1.6989794748405
620 1.69849968133618
621 1.69802104663777
622 1.69754356602377
623 1.69706723479964
624 1.69659204829761
625 1.6961180018765
626 1.69564509092148
627 1.69517331084391
628 1.69470265708116
629 1.69423312509639
630 1.6937647103784
631 1.69329740844137
632 1.6928312148248
633 1.69236612509318
634 1.69190213483595
635 1.69143923966722
636 1.69097743522562
637 1.69051671717415
638 1.69005708119999
639 1.68959852301431
640 1.6891410383521
641 1.68868462297204
642 1.68822927265629
643 1.68777498321034
644 1.68732175046282
645 1.68686957026539
646 1.68641843849251
647 1.68596835104134
648 1.68551930383153
649 1.6850712928051
650 1.68462431392624
651 1.68417836318122
652 1.68373343657815
653 1.68328953014691
654 1.68284663993894
655 1.68240476202711
656 1.68196389250558
657 1.68152402748963
658 1.68108516311553
659 1.68064729554039
660 1.68021042094201
661 1.67977453551876
662 1.67933963548939
663 1.67890571709295
664 1.67847277658859
665 1.67804081025548
666 1.67760981439261
667 1.67717978531873
668 1.67675071937214
669 1.6763226129106
670 1.67589546231118
671 1.67546926397014
672 1.67504401430281
673 1.67461970974342
674 1.674196346745
675 1.67377392177926
676 1.67335243133645
677 1.67293187192523
678 1.67251224007257
679 1.67209353232358
680 1.67167574524146
681 1.67125887540731
682 1.67084291942003
683 1.67042787389622
684 1.67001373547007
685 1.66960050079318
686 1.66918816653452
687 1.66877672938026
688 1.6683661860337
689 1.6679565332151
690 1.66754776766164
691 1.66713988612724
692 1.66673288538248
693 1.66632676221449
694 1.66592151342686
695 1.66551713583949
696 1.6651136262885
697 1.66471098162615
698 1.66430919872069
699 1.66390827445629
700 1.66350820573292
701 1.66310898946625
702 1.66271062258756
703 1.6623131020436
704 1.66191642479655
705 1.66152058782386
706 1.6611255881182
707 1.66073142268731
708 1.66033808855397
709 1.65994558275584
710 1.65955390234539
711 1.65916304438982
712 1.65877300597093
713 1.65838378418507
714 1.65799537614301
715 1.65760777896985
716 1.65722098980497
717 1.65683500580188
718 1.65644982412818
719 1.65606544196543
720 1.65568185650911
721 1.65529906496846
722 1.65491706456649
723 1.65453585253979
724 1.65415542613852
725 1.65377578262629
726 1.65339691928009
727 1.65301883339019
728 1.65264152226007
729 1.65226498320634
730 1.65188921355864
731 1.65151421065958
732 1.65113997186464
733 1.65076649454209
734 1.65039377607296
735 1.65002181385087
736 1.64965060528202
737 1.64928014778512
738 1.64891043879124
739 1.64854147574382
740 1.64817325609852
741 1.64780577732322
742 1.64743903689787
743 1.64707303231445
744 1.64670776107692
745 1.64634322070109
746 1.64597940871461
747 1.64561632265686
748 1.64525396007886
749 1.64489231854325
750 1.6445313956242
751 1.6441711889073
752 1.64381169598957
753 1.6434529144793
754 1.64309484199608
755 1.64273747617062
756 1.64238081464477
757 1.64202485507145
758 1.6416695951145
759 1.64131503244873
760 1.64096116475976
761 1.64060798974401
762 1.6402555051086
763 1.63990370857132
764 1.63955259786054
765 1.63920217071515
766 1.63885242488453
767 1.63850335812843
768 1.63815496821695
769 1.63780725293048
770 1.63746021005961
771 1.6371138374051
772 1.63676813277779
773 1.63642309399859
774 1.63607871889834
775 1.63573500531784
776 1.63539195110773
777 1.63504955412848
778 1.63470781225025
779 1.63436672335294
780 1.63402628532608
781 1.63368649606874
782 1.63334735348954
783 1.63300885550655
784 1.63267100004726
785 1.6323337850485
786 1.63199720845641
787 1.63166126822639
788 1.631325962323
789 1.63099128871997
790 1.6306572454001
791 1.63032383035523
792 1.62999104158618
793 1.62965887710271
794 1.62932733492344
795 1.62899641307585
796 1.62866610959616
797 1.62833642252934
798 1.62800734992905
799 1.62767888985756
800 1.62735104038571
801 1.62702379959289
802 1.62669716556697
803 1.62637113640425
804 1.6260457102094
805 1.62572088509547
806 1.62539665918376
807 1.62507303060383
808 1.62474999749344
809 1.6244275579985
810 1.62410571027303
811 1.62378445247909
812 1.62346378278679
813 1.62314369937418
814 1.62282420042726
815 1.62250528413988
816 1.62218694871375
817 1.62186919235838
818 1.62155201329101
819 1.62123540973659
820 1.62091937992775
821 1.62060392210473
822 1.62028903451535
823 1.61997471541496
824 1.61966096306641
825 1.61934777574003
826 1.61903515171352
827 1.61872308927198
828 1.61841158670784
829 1.6181006423208
830 1.61779025441784
831 1.61748042131313
832 1.61717114132803
833 1.61686241279101
834 1.61655423403766
835 1.61624660341061
836 1.61593951925951
837 1.61563297994097
838 1.61532698381858
839 1.6150215292628
840 1.61471661465097
841 1.61441223836725
842 1.6141083988026
843 1.61380509435473
844 1.61350232342806
845 1.61320008443371
846 1.61289837578943
847 1.61259719591958
848 1.61229654325511
849 1.6119964162335
850 1.61169681329873
851 1.61139773290126
852 1.61109917349797
853 1.61080113355215
854 1.61050361153346
855 1.61020660591788
856 1.60991011518771
857 1.60961413783149
858 1.609318672344
859 1.60902371722624
860 1.60872927098534
861 1.6084353321346
862 1.60814189919339
863 1.60784897068717
864 1.60755654514741
865 1.60726462111164
866 1.6069731971233
867 1.60668227173181
868 1.6063918434925
869 1.60610191096655
870 1.60581247272102
871 1.60552352732879
872 1.6052350733685
873 1.60494710942457
874 1.60465963408716
875 1.60437264595209
876 1.60408614362088
877 1.60380012570068
878 1.60351459080424
879 1.60322953754992
880 1.6029449645616
881 1.60266087046869
882 1.60237725390611
883 1.60209411351424
884 1.60181144793888
885 1.60152925583128
886 1.60124753584802
887 1.60096628665109
888 1.60068550690776
889 1.60040519529063
890 1.60012535047757
891 1.59984597115168
892 1.59956705600129
893 1.59928860371993
894 1.59901061300628
895 1.59873308256418
896 1.59845601110256
897 1.59817939733546
898 1.59790323998196
899 1.5976275377662
900 1.59735228941732
901 1.59707749366945
902 1.59680314926167
903 1.59652925493799
904 1.59625580944737
905 1.59598281154361
906 1.59571025998539
907 1.59543815353624
908 1.59516649096449
909 1.59489527104324
910 1.5946244925504
911 1.59435415426857
912 1.59408425498511
913 1.59381479349205
914 1.5935457685861
915 1.59327717906861
916 1.59300902374556
917 1.59274130142753
918 1.59247401092967
919 1.59220715107171
920 1.59194072067788
921 1.59167471857695
922 1.59140914360216
923 1.59114399459122
924 1.59087927038629
925 1.59061496983395
926 1.59035109178517
927 1.59008763509533
928 1.58982459862413
929 1.58956198123563
930 1.5892997817982
931 1.58903799918449
932 1.58877663227145
933 1.58851567994027
934 1.58825514107636
935 1.58799501456936
936 1.58773529931308
937 1.58747599420552
938 1.58721709814882
939 1.58695861004925
940 1.58670052881719
941 1.58644285336712
942 1.58618558261757
943 1.58592871549114
944 1.58567225091444
945 1.58541618781812
946 1.5851605251368
947 1.58490526180909
948 1.58465039677753
949 1.58439592898862
950 1.58414185739276
951 1.58388818094426
952 1.5836348986013
953 1.58338200932592
954 1.58312951208401
955 1.58287740584528
956 1.58262568958324
957 1.5823743622752
958 1.58212342290222
959 1.58187287044914
960 1.58162270390451
961 1.5813729222606
962 1.58112352451338
963 1.58087450966252
964 1.58062587671131
965 1.58037762466675
966 1.5801297525394
967 1.57988225934348
968 1.5796351440968
969 1.57938840582072
970 1.57914204354021
971 1.57889605628372
972 1.57865044308329
973 1.57840520297444
974 1.5781603349962
975 1.57791583819106
976 1.57767171160498
977 1.57742795428739
978 1.57718456529113
979 1.57694154367244
980 1.57669888849099
981 1.57645659880982
982 1.57621467369534
983 1.57597311221731
984 1.57573191344881
985 1.57549107646628
986 1.57525060034943
987 1.57501048418128
988 1.57477072704813
989 1.57453132803951
990 1.57429228624823
991 1.57405360077031
992 1.57381527070501
993 1.57357729515475
994 1.57333967322518
995 1.57310240402509
996 1.57286548666644
997 1.57262892026434
998 1.57239270393702
999 1.57215683680583
1000 1.5719213179952
